{
    "mf48": 1.336402435064349,
    "mf36": 1.008202776684838,
    "mf56": 0.334493224630051,
    "mf68": 0.665506775369946,
    "mf92": 1.025840620457897,
    "mf38": 1.673784240557133,
    "mf35": 0.673784240557127,
    "mf43": -0.337307116990441,
    "mf45": 0.336402435064353,
    "mf09": -0.34318587041139,
    "mf29": -1.025840620457897,
    "mf34": 0.337307116990439,
    "mf58": 1.0,
    "mf02": 0.682654750046506,
    "l230": 9.1705e-06,
    "l232": 4.94752e-11,
    "l234": 2.82206e-06,
    "l238": 1.55125e-10,
    "NA": 6.02214129e+23,
    "NR85": 137.818,
    "cps": 62500000.0,
    "R3433": 0.002324,
    "R3533": 0.005066,
    "R3029": 5e-05,
    "th229SubU238": 5.0,
    "th230SubU238": 0.37,
    "tri229": 0.018067,
    "tri233": 0.038556,
    "tri236": 3.86778,
    "blank232": 0.003,
    "blank232S": 0.0,
    "blank234": 0.3,
    "blank234S": 0.0,
    "blank238": 0.005,
    "blank238S": 0.0,
    "sp_blank230": 0.9,
    "ch_blank230": 0.05,
    "ch_blank230S": 0.0,
    "a230232_init": 1.0,
    "a230232_init_err": 0.5,
    "a230232_init_sst": 0.75,
    "a230232_init_err_sst": 0.375,
    "standardDenom": "Hu1-13",
    "standardSampleMass": 1.22055,
    "standardTriSp13": 10.3257
}